nohup: ignoring input
2 2 90 90 13 20 5 5 0.1 0.1 8 8 1 35 Aluminium Aluminium Lead 725.014 1375.45 4855.15 2301.45 799.079 3315.92 1646.14 2758.78 0.528222 1.65885 1.42163 1.57567 216.166 143.587 608.639 391.475 0.38078
2 2 90 90 11 18 5 5 0.1 0.1 8 8 1 35 Aluminium Aluminium Lead 721.895 1376.29 4874.19 2278.27 795.108 3316.84 1616.66 2744.93 0.520044 1.64923 1.35398 1.5655 207.359 127.863 613.733 393.014 0.392454
0 0 90 90 10 16.5 5 5 0.1 0.1 8 8 1 35 Aluminium Aluminium Lead 715.245 1383.65 4867.97 2251.58 784.424 3320.44 1565.86 2720.8 0.498137 1.6373 1.30948 1.54523 186.502 117.813 609.704 390.46 0.397654
2 2 90 90 13 20 4 4 0.1 0.1 8 8 1 35 Aluminium Aluminium Lead 732.931 1379.78 4944.91 2320.14 809.599 3335.35 1644.73 2762.19 0.520104 1.68311 1.41371 1.57632 215.061 138.239 607.754 389.663 0.385907
2 2 90 90 13 20 6 6 0.1 0.1 8 8 1 35 Aluminium Aluminium Lead 717.588 1358.04 4767.15 2289.98 796.479 3322.4 1640.56 2766 0.495959 1.63888 1.40566 1.56174 215.464 141.941 611.049 390.968 0.399684
2 2 90 90 13 20 7 7 0.1 0.1 8 8 1 35 Aluminium Aluminium Lead 712.219 1358.06 4669.83 2255.94 801.593 3310.31 1641.38 2746.79 0.522097 1.65627 1.38952 1.57046 210.873 143.455 608.268 390.041 0.390747
2 2 90 90 13 20 5 5 0.1 0.1 2 8 1 35 Aluminium Aluminium Lead 728.975 1372.59 4872.59 2311.9 810.269 3338.3 1674.33 2780.81 0.542309 1.6699 1.41109 1.58196 198.441 121.918 613.303 392.742 0.383266
2 2 90 90 13 20 5 5 0.1 0.1 5 8 1 35 Aluminium Aluminium Lead 724.832 1363.96 4870.42 2302.02 807.113 3320.25 1643.37 2757.2 0.534406 1.65374 1.40717 1.55454 254.268 166.937 611.882 393.311 0.391318
2 2 90 90 13 20 5 5 0.1 0.1 11 8 1 35 Aluminium Aluminium Lead 729.971 1374.52 4847.01 2300.33 797.588 3324.28 1626.26 2747.24 0.511592 1.65508 1.40027 1.57328 207.929 125.404 611.158 392.369 0.382376
2 2 90 90 13 20 5 5 0.1 0.1 8 4 1 35 Aluminium Aluminium Lead 860.651 1567 5549.17 2569.94 884.045 3421.77 1801.22 2854.81 0.546938 1.71388 1.52834 1.66417 310.413 202.817 612.909 393.089 0.392897
2 2 90 90 13 20 5 5 0.1 0.1 8 6 1 35 Aluminium Aluminium Lead 773.443 1458.35 5170.48 2412.41 839.383 3375.82 1719.17 2792.01 0.53537 1.69311 1.48933 1.61551 266.943 171.368 611.933 393.23 0.392953
2 2 90 90 13 20 5 5 0.1 0.1 8 10 1 35 Aluminium Aluminium Lead 689.44 1296.17 4591.82 2191.91 772.539 3280.27 1584.31 2716.74 0.503473 1.62303 1.37167 1.54283 209.172 129.349 610.975 391.615 0.387032
2 2 90 90 13 20 5 5 0.1 0.1 8 8 0.1 35 Aluminium Aluminium Lead 752.193 1409.32 4929.85 2400.44 822.119 3329.99 1640.1 2758.77 0.53317 1.65569 1.42142 1.56282 241.357 159.86 611.45 391.775 0.392725
2 2 90 90 13 20 5 5 0.1 0.1 8 8 0.5 35 Aluminium Aluminium Lead 735.52 1385.18 4927.03 2363.54 811.699 3323.2 1634.32 2750.43 0.522714 1.65453 1.40638 1.57656 228.549 136.163 606.202 388.899 0.401934
2 2 90 90 13 20 5 5 0.1 0.1 8 8 2 35 Aluminium Aluminium Lead 697.991 1352.29 4679.01 2189.22 790.729 3325.39 1637.3 2772.18 0.516341 1.66535 1.4014 1.592 176.202 104.867 610.922 392.16 0.376562
2 2 90 90 13 20 5 5 0.1 0.1 8 8 1 35 Steel Steel Lead 682.805 1457.74 4273.65 2189.18 760.674 3376.33 1538.15 2738.36 0.482468 1.70874 1.33297 1.54104 140.858 92.817 609.671 391.831 0.385426
2 2 90 90 13 20 5 5 0.1 0.1 8 8 1 35 Steel Steel Tungsten 637.561 1527.95 3796.98 2143.51 735.237 3316.91 1411.55 2691.69 0.457014 1.62411 1.21456 1.48245 116.626 74.1204 601.746 388.001 0.378422
0 0 90 90 10 16.5 4 4 5 1 4 11 1 35 Aluminium Aluminium Lead 678.061 1299.94 4725.92 2185.58 761.196 3256.16 1554.58 2712.16 0.512607 1.60485 1.30177 1.53042 193.309 119.272 609.614 392.786 0.400035
0 0 90 90 10 16.5 4 4 5 1 6 8 1 35 Aluminium Aluminium Lead 729.67 1416.75 5114.07 2342.34 799.662 3325.52 1648.48 2758.91 0.525169 1.65438 1.38287 1.55932 196.094 118.758 612.328 391.92 0.385276
0 0 90 90 10 16.5 3 3 5 3 3 8 1 35 Aluminium Aluminium Lead 738.863 1412.42 5228.97 2362.56 792.18 3320.34 1684.65 2789.71 0.528357 1.64868 1.38283 1.56174 199.388 135.482 611.728 391.447 0.392003
0 0 90 90 10 16.5 2 2 5 2 2 8 1 35 Steel Steel Lead 749.944 1535.57 5103.63 2409.18 802.908 3407.6 1705.06 2848.72 0.527903 1.73311 1.40199 1.61393 193.906 124.245 612.451 392.059 0.383908
0 0 90 90 10 16.5 4 4 5 1 4 8 2 35 Aluminium Aluminium Lead 703.862 1380.67 4899.39 2223.85 790.949 3318.45 1660.15 2780.23 0.511302 1.6503 1.38194 1.56772 214.547 141.212 609.978 390.962 0.380867
0 0 90 90 10 16.5 5 5 5 1 4 8 1 35 Aluminium Aluminium Lead 725.306 1400.98 5022.84 2311.15 790.472 3299.89 1667.04 2776.75 0.516143 1.63565 1.38355 1.56233 218.604 146.484 610.145 391.672 0.382637
nohup: ignoring input
2 2 90 90 300 300 13 20 5 6 0.1 0.1 8 7 1 35 Steel Steel Tungsten 666.627 1567.56 3938.35 2188.5 751.007 3335.48 1450.85 2715.29 0.453553 1.64293 1.25502 1.50506 122.029 75.3358 1027.39 716.878 0.864257
2 2 90 90 300 300 13 20 5 7 0.1 0.1 8 6 1 35 Steel Steel Tungsten 694.524 1623.01 4054.23 2265.5 755.842 3371.03 1508.27 2724.87 0.468287 1.67117 1.30053 1.5195 171.91 101.033 1022.77 713.66 0.859676
2 2 90 90 300 300 13 20 5 7 0.1 0.1 8 6 1 35 Aluminium Aluminium Tungsten 766.885 1728.37 4679.5 2500.89 802.137 3402.3 1620.03 2813.88 0.516439 1.7013 1.3595 1.59106 206.741 124.946 1026.66 713.984 0.862367
2 2 90 90 300 300 13 20 5 8 0.1 0.1 8 5 1 35 Aluminium Aluminium Tungsten 804.626 1784.4 4880.77 2587.58 846.73 3437.46 1686.46 2835.48 0.5352 1.72743 1.39532 1.61497 186.905 113.514 1030.45 717.614 0.852646
2 2 90 90 300 300 13 20 5 10 0.1 0.1 8 5 1 35 Aluminium Aluminium Tungsten 805.612 1757.19 4879.06 2594.13 828.881 3439.54 1680.09 2839.53 0.533545 1.74141 1.40989 1.61037 228.223 157.346 1025.92 714.443 0.874095
