	g1 g2 w1   w2   a1   a2   st ths tht th7 th8 th0 th1 dd  mf ms/C        mt/C        mss  ind cu1     cd1     su1     sd1     cu2    cd2      su2   sd2      eu1      ed1     eu2     ed2    tri   tri2
	3  3  90   90   13   23   1  4   4   4   4   5   5   35  1  Aluminium   Aluminium   Lead 1   1292.89 2081.98 6945.41 3332.31 1430.76 4493.02 2490.56 3863.85 0.952847 2.4727 2.23675 2.41164 571.428 342.159
	3  3  90   90   11   21   1  4   4   4   4   5   5   35  1  Aluminium   Aluminium   Lead 2   1045.98 1913.5 6281.36 2910.23 1178.04 4353.17 2288.08 3759.76 0.785181 2.41778 2.1108 2.37389 490.871 318.415
	0  0  90   90   10   16.5 1  4   4   1   4   5   1   35  1  Aluminium   Aluminium   Lead 3   902.947 1787.47 5765.5 2689.32 1011.1 4238.22 1951.45 3623.09 0.731121 2.37535 1.82389 2.26322 484.634 309.908
	0  0  90   90   10   16.5 1  2   2   2   2   5   5   35  1  Aluminium   Aluminium   Lead 4   809.274 1682.39 5001.09 2397.33 984.007 4189.4 1938.73 3606.52 0.704512 2.32475 1.75 2.23027 471.182 299.373
	0  0  90   90   10   16.5 1  4   4   4   4   5   5   35  1  Aluminium   Aluminium   Lead 5   779.549 1654.75 4858.17 2401.83 968.65 4161 1986.11 3536.76 0.656784 2.36048 1.78963 2.12955 451.57 291.268
	0  0  90   90   10   16.5 1  4   4   1   4   5   5   35  1  Aluminium   Aluminium   Lead 6   801.267 1688.64 4887.78 2399.63 984.116 4190.94 1961.1 3601.37 0.684961 2.34156 1.81953 2.21954 430.898 281.54
	0  0  90   90   10   16.5 1  4   4   4   4   8   1   35  1  Aluminium   Aluminium   Lead 7   789.64 1605.06 5244.71 2490.56 937.609 4108.24 1843.52 3532.16 0.676978 2.26557 1.62865 2.13578 369.312 240.698
	0  0  90   90   10   16.5 1  3   3   3   3   5   5   35  1  Aluminium   Aluminium   Lead 8   786.679 1705.64 4961.71 2407.53 967.992 4201.36 1967.03 3603.78 0.687476 2.33489 1.77517 2.2039 375.627 206.817
	0  0  90   90   10   16.5 1  4   4   4   4   5   1   35  1  Aluminium   Aluminium   Lead 9   886.604 1779.68 5752.01 2677.8 1004.08 4177.34 1969.44 3614.97 0.727231 2.32729 1.74217 2.21452 330.487 191.178
	0  0  90   90   10   16.5 1  4   4   1   4   8   1   35  1  Aluminium   Aluminium   Lead 10  776.478 1645.09 5197.76 2513.6 942.654 4075.66 1808.97 3555.63 0.710702 2.22463 1.6388 2.18558 271.083 165.649
	0  0  90   90   10   16.5 1  3   3   3   3   5   5   35  1  Steel       Steel       Lead 11  788.653 1838.8 4565.85 2509.21 967.773 4312.36 2026.81 3646.67 0.657162 2.47781 1.8178 2.25986 412.672 279.114
	0  0  90   90   10   16.5 1  4   4   4   4   8   1   35  1  Steel       Steel       Lead 12  776.149 1833.65 4819.01 2558.24 941.228 4240.41 1872.37 3609.27 0.629798 2.46969 1.61814 2.2277 306.587 214.523
	0  0  90   90   10   16.5 1  4   4   4   4   5   1   35  1  Steel       Steel       Lead 13  863.679 1950.9 5253.37 2728.37 997.388 4298.21 1992.25 3685.28 0.675401 2.42532 1.76201 2.33964 350.837 188.426
	0  0  90   90   10   16.5 1  4   4   4   4   5   5   35  1  Steel       Steel       Lead 14  785.692 1898.58 4416.68 2487.6 959.327 4307.87 2002.35 3703.27 0.656543 2.50095 1.78443 2.29585 334.546 212.982
	0  0  90   90   10   16.5 1  2   2   2   2   5   5   35  1  Steel       Steel       Lead 15  770.884 1792.07 4759.12 2460.18 971.612 4268.6 1983.48 3726.96 0.660288 2.4366 1.74321 2.32373 282.916 195.15
	0  0  90   90   10   16.5 1  4   4   1   4   5   5   35  1  Steel       Steel       Lead 16  774.503 1818.84 4377.3 2485.41 950.881 4266.62 1905.6 3635.48 0.629689 2.4126 1.73687 2.25181 338.27 189.476
	0  0  90   90   10   16.5 1  4   4   1   4   8   1   35  1  Steel       Steel       Lead 17  783.498 1781.65 4756.6 2541.9 916.22 4252.26 1810.61 3586.34 0.634275 2.37049 1.70594 2.18713 293.942 183.968
	0  0  90   90   10   16.5 1  4   4   1   4   5   1   35  1  Steel       Steel       Lead 18  881.12 1894.63 5236.26 2708.73 1022.51 4292.07 1947.83 3668.28 0.712294 2.4609 1.86218 2.28836 278.784 176.753
