ind type/C     gas/C g1 g2 wsci wche lsci lche asci ache ths tht th6 th7 th8 th0 th1 dd mts/C mss/C ms/C cu1 cu2 cd1 cd2 su1 su2 sd1 sd2 eu1 eu2 ed1 ed2 t1 t2 n1 n2 ch st mt
0   clearance  isobutane 2 2 90 90 300 300 13 20 5 5 0.1 0.1 8 8 1 35 Aluminium Aluminium Lead 725.014 1375.45 4855.15 2301.45 799.079 3315.92 1646.14 2758.78 0.528222 1.65885 1.42163 1.57567 216.166 143.587 608.639 391.475 0.38078  	13.359 8.677
1   clearance  isobutane 2 2 90 90 300 300 11 18 5 5 0.1 0.1 8 8 1 35 Aluminium Aluminium Lead 721.895 1376.29 4874.19 2278.27 795.108 3316.84 1616.66 2744.93 0.520044 1.64923 1.35398 1.5655 207.359 127.863 613.733 393.014 0.392454  	13.289 8.414
2   clearance  isobutane 0 0 90 90 300 300 10 16.5 5 5 0.1 0.1 8 8 1 35 Aluminium Aluminium Lead 715.245 1383.65 4867.97 2251.58 784.424 3320.44 1565.86 2720.8 0.498137 1.6373 1.30948 1.54523 186.502 117.813 609.704 390.46 0.397654  	13.144 8.602
3   ths+tht    isobutane 2 2 90 90 300 300 13 20 4 4 0.1 0.1 8 8 1 35 Aluminium Aluminium Lead 732.931 1379.78 4944.91 2320.14 809.599 3335.35 1644.73 2762.19 0.520104 1.68311 1.41371 1.57632 215.061 138.239 607.754 389.663 0.385907 	13.066 8.464  
4   ths+tht    isobutane 2 2 90 90 300 300 13 20 5 5 0.1 0.1 8 8 1 35 Aluminium Aluminium Lead 725.014 1375.45 4855.15 2301.45 799.079 3315.92 1646.14 2758.78 0.528222 1.65885 1.42163 1.57567 216.166 143.587 608.639 391.475 0.38078  	13.359 8.677
5   ths+tht    isobutane 2 2 90 90 300 300 13 20 6 6 0.1 0.1 8 8 1 35 Aluminium Aluminium Lead 717.588 1358.04 4767.15 2289.98 796.479 3322.4 1640.56 2766 0.495959 1.63888 1.40566 1.56174 215.464 141.941 611.049 390.968 0.399684     	13.097 8.52
6   ths+tht    isobutane 2 2 90 90 300 300 13 20 7 7 0.1 0.1 8 8 1 35 Aluminium Aluminium Lead 712.219 1358.06 4669.83 2255.94 801.593 3310.31 1641.38 2746.79 0.522097 1.65627 1.38952 1.57046 210.873 143.455 608.268 390.041 0.390747 	13.272 8.378  
7   th8        isobutane 2 2 90 90 300 300 13 20 5 5 0.1 0.1 2 8 1 35 Aluminium Aluminium Lead 728.975 1372.59 4872.59 2311.9 810.269 3338.3 1674.33 2780.81 0.542309 1.6699 1.41109 1.58196 198.441 121.918 613.303 392.742 0.383266    	13.058 8.762
8   th8        isobutane 2 2 90 90 300 300 13 20 5 5 0.1 0.1 5 8 1 35 Aluminium Aluminium Lead 724.832 1363.96 4870.42 2302.02 807.113 3320.25 1643.37 2757.2 0.534406 1.65374 1.40717 1.55454 254.268 166.937 611.882 393.311 0.391318  	13.185 8.69
9   th8        isobutane 2 2 90 90 300 300 13 20 5 5 0.1 0.1 8 8 1 35 Aluminium Aluminium Lead 725.014 1375.45 4855.15 2301.45 799.079 3315.92 1646.14 2758.78 0.528222 1.65885 1.42163 1.57567 216.166 143.587 608.639 391.475 0.38078  	13.359 8.677
10  th8        isobutane 2 2 90 90 300 300 13 20 5 5 0.1 0.1 11 8 1 35 Aluminium Aluminium Lead 729.971 1374.52 4847.01 2300.33 797.588 3324.28 1626.26 2747.24 0.511592 1.65508 1.40027 1.57328 207.929 125.404 611.158 392.369 0.38237 	13.093 8.185   
11  th0        isobutane 2 2 90 90 300 300 13 20 5 5 0.1 0.1 8 4 1 35 Aluminium Aluminium Lead 860.651 1567 5549.17 2569.94 884.045 3421.77 1801.22 2854.81 0.546938 1.71388 1.52834 1.66417 310.413 202.817 612.909 393.089 0.392897    	13.749 10.109
12  th0        isobutane 2 2 90 90 300 300 13 20 5 5 0.1 0.1 8 6 1 35 Aluminium Aluminium Lead 773.443 1458.35 5170.48 2412.41 839.383 3375.82 1719.17 2792.01 0.53537 1.69311 1.48933 1.61551 266.943 171.368 611.933 393.23 0.392953   	13.402 9.001
13  th0        isobutane 2 2 90 90 300 300 13 20 5 5 0.1 0.1 8 8 1 35 Aluminium Aluminium Lead 725.014 1375.45 4855.15 2301.45 799.079 3315.92 1646.14 2758.78 0.528222 1.65885 1.42163 1.57567 216.166 143.587 608.639 391.475 0.38078  	13.359 8.677
14  th0        isobutane 2 2 90 90 300 300 13 20 5 5 0.1 0.1 8 10 1 35 Aluminium Aluminium Lead 689.44 1296.17 4591.82 2191.91 772.539 3280.27 1584.31 2716.74 0.503473 1.62303 1.37167 1.54283 209.172 129.349 610.975 391.615 0.387032 	12.999 8.246  
15  th1        isobutane 2 2 90 90 300 300 13 20 5 5 0.1 0.1 8 8 0.1 35 Aluminium Aluminium Lead 752.193 1409.32 4929.85 2400.44 822.119 3329.99 1640.1 2758.77 0.53317 1.65569 1.42142 1.56282 241.357 159.86 611.45 391.775 0.392725   	13.231 8.326
16  th1        isobutane 2 2 90 90 300 300 13 20 5 5 0.1 0.1 8 8 0.5 35 Aluminium Aluminium Lead 735.52 1385.18 4927.03 2363.54 811.699 3323.2 1634.32 2750.43 0.522714 1.65453 1.40638 1.57656 228.549 136.163 606.202 388.899 0.401934 	13.089 8.516  
17  th1        isobutane 2 2 90 90 300 300 13 20 5 5 0.1 0.1 8 8 1 35 Aluminium Aluminium Lead 725.014 1375.45 4855.15 2301.45 799.079 3315.92 1646.14 2758.78 0.528222 1.65885 1.42163 1.57567 216.166 143.587 608.639 391.475 0.38078  	13.359 8.677
18  th1        isobutane 2 2 90 90 300 300 13 20 5 5 0.1 0.1 8 8 2 35 Aluminium Aluminium Lead 697.991 1352.29 4679.01 2189.22 790.729 3325.39 1637.3 2772.18 0.516341 1.66535 1.4014 1.592 176.202 104.867 610.922 392.16 0.376562      	13.099 8.584
19  material   isobutane 2 2 90 90 300 300 13 20 5 5 0.1 0.1 8 8 1 35 Aluminium Aluminium Lead 725.014 1375.45 4855.15 2301.45 799.079 3315.92 1646.14 2758.78 0.528222 1.65885 1.42163 1.57567 216.166 143.587 608.639 391.475 0.38078  	13.359 8.677
20  material   isobutane 2 2 90 90 300 300 13 20 5 5 0.1 0.1 8 8 1 35 Steel Steel Lead 682.805 1457.74 4273.65 2189.18 760.674 3376.33 1538.15 2738.36 0.482468 1.70874 1.33297 1.54104 140.858 92.817 609.671 391.831 0.385426          	12.673 7.506
21  material   isobutane 2 2 90 90 300 300 13 20 5 5 0.1 0.1 8 8 1 35 Steel Steel Tungsten 637.561 1527.95 3796.98 2143.51 735.237 3316.91 1411.55 2691.69 0.457014 1.62411 1.21456 1.48245 116.626 74.1204 601.746 388.001 0.378422     	12.856 7.301
22  other      isobutane 0 0 90 90 300 300 10 16.5 5 5 0.1 0.1 8 8 1 35 Aluminium Aluminium Lead 715.245 1383.65 4867.97 2251.58 784.424 3320.44 1565.86 2720.8 0.498137 1.6373 1.30948 1.54523 186.502 117.813 609.704 390.46 0.397654  	13.144 8.602
23  other      isobutane 0 0 90 90 300 300 10 16.5 5 5 5 1 4 8 1 35 Aluminium Aluminium Lead 725.306 1400.98 5022.84 2311.15 790.472 3299.89 1667.04 2776.75 0.516143 1.63565 1.38355 1.56233 218.604 146.484 610.145 391.672 0.382637     13.27 8.618
24  other      isobutane 0 0 90 90 300 300 10 16.5 4 4 5 1 4 8 2 35 Aluminium Aluminium Lead 703.862 1380.67 4899.39 2223.85 790.949 3318.45 1660.15 2780.23 0.511302 1.6503 1.38194 1.56772 214.547 141.212 609.978 390.962 0.380867      13.113 8.668
25  other      isobutane 0 0 90 90 300 300 10 16.5 4 4 5 1 6 8 1 35 Aluminium Aluminium Lead 729.67 1416.75 5114.07 2342.34 799.662 3325.52 1648.48 2758.91 0.525169 1.65438 1.38287 1.55932 196.094 118.758 612.328 391.92 0.385276       13.17 8.543
26  other      isobutane 0 0 90 90 300 300 10 16.5 4 4 5 1 4 11 1 35 Aluminium Aluminium Lead 678.061 1299.94 4725.92 2185.58 761.196 3256.16 1554.58 2712.16 0.512607 1.60485 1.30177 1.53042 193.309 119.272 609.614 392.786 0.400035  	12.862 8.416
27  other      isobutane 0 0 90 90 300 300 10 16.5 3 3 5 3 3 8 1 35 Aluminium Aluminium Lead 738.863 1412.42 5228.97 2362.56 792.18 3320.34 1684.65 2789.71 0.528357 1.64868 1.38283 1.56174 199.388 135.482 611.728 391.447 0.392003      13.259 8.705
28  other      isobutane 0 0 90 90 300 300 10 16.5 2 2 5 2 2 8 1 35 Steel Steel Lead 749.944 1535.57 5103.63 2409.18 802.908 3407.6 1705.06 2848.72 0.527903 1.73311 1.40199 1.61393 193.906 124.245 612.451 392.059 0.383908              12.711 7.999
0   clear      ethane    2 2 90 90 300 300 13 20 5 5 0.1 0.1 8 8 1 35 Aluminium Aluminium Lead 724.356 1379.61 4856.71 2304.09 800.4 3314.26 1633.21 2746.04 0.519406 1.66582 1.39389 1.56568 184.905 116.514 1039.35 724.287 0.861235     	12.884 8.44
1   clear      ethane    2 2 90 90 300 300 11 18 5 5 0.1 0.1 8 8 1 35 Aluminium Aluminium Lead 730.405 1379.85 4855.25 2273.1 791.8 3305.3 1607.16 2743.48 0.503327 1.64824 1.34845 1.57827 234.383 158.589 1038.05 721.341 0.877517       	13.191 8.409
2   clear      ethane    0 0 90 90 300 300 10 16.5 5 5 0.1 0.1 8 8 1 35 Aluminium Aluminium Lead 717.475 1386.05 4870.61 2276.27 787.943 3304.3 1573.91 2720.43 0.508801 1.63808 1.30868 1.54046 164.937 107.708 1036.04 719.196 0.875661  	13.142 8.538
3   ths+tht    ethane    2 2 90 90 300 300 13 20 4 4 0.1 0.1 8 8 1 35 Aluminium Aluminium Lead 733.971 1374.31 4969.3 2335.52 803.196 3323.22 1631.17 2738.96 0.511978 1.65552 1.39861 1.57954 231.626 140.781 1038 721.407 0.848639       	13.119 8.499
4   ths+tht    ethane    2 2 90 90 300 300 13 20 5 5 0.1 0.1 8 8 1 35 Aluminium Aluminium Lead 724.356 1379.61 4856.71 2304.09 800.4 3314.26 1633.21 2746.04 0.519406 1.66582 1.39389 1.56568 184.905 116.514 1039.35 724.287 0.861235     	12.884 8.44
5   ths+tht    ethane    2 2 90 90 300 300 13 20 6 6 0.1 0.1 8 8 1 35 Aluminium Aluminium Lead 712.559 1365.42 4760.76 2259.18 788.775 3296.93 1635.15 2759.82 0.510725 1.65649 1.39772 1.58583 233.057 148.129 1037.71 721.234 0.86995    	13.215 8.375
6   ths+tht    ethane    2 2 90 90 300 300 13 20 7 7 0.1 0.1 8 8 1 35 Aluminium Aluminium Lead 718.787 1370.63 4698.67 2260.17 800.321 3301.93 1631.47 2745.41 0.503627 1.64462 1.37537 1.57003 175.445 115.973 1037.7 721.027 0.859673    	13.256 8.49
7   th8        ethane    2 2 90 90 300 300 13 20 5 5 0.1 0.1 2 8 1 35 Aluminium Aluminium Lead 730.518 1375.17 4863.12 2307.71 802.534 3314.42 1675.58 2782.31 0.538756 1.66008 1.43016 1.59862 213.005 143.212 1047.91 728.209 0.859332   	13.164 8.911
8   th8        ethane    2 2 90 90 300 300 13 20 5 5 0.1 0.1 5 8 1 35 Aluminium Aluminium Lead 724.513 1383.23 4856.1 2303.48 806.542 3331.89 1656.68 2763.48 0.541671 1.66803 1.42766 1.59136 241.974 163.236 1049.83 727.678 0.876095    	13.315 8.478
9   th8        ethane    2 2 90 90 300 300 13 20 5 5 0.1 0.1 8 8 1 35 Aluminium Aluminium Lead 724.356 1379.61 4856.71 2304.09 800.4 3314.26 1633.21 2746.04 0.519406 1.66582 1.39389 1.56568 184.905 116.514 1039.35 724.287 0.861235     	12.884 8.44
10  th8        ethane    2 2 90 90 300 300 13 20 5 5 0.1 0.1 11 8 1 35 Aluminium Aluminium Lead 721.835 1368.29 4844.14 2291.68 798.489 3303.86 1625.33 2720.58 0.500504 1.66136 1.43239 1.54764 201.143 127.807 1038.49 719.804 0.849931  	13.092 8.265
11  th0        ethane    2 2 90 90 300 300 13 20 5 5 0.1 0.1 8 4 1 35 Aluminium Aluminium Lead 860.871 1575.81 5558.2 2575.12 889.597 3412.04 1812.23 2857.77 0.551406 1.72145 1.55133 1.64874 335.764 223.222 1048.99 727.336 0.877469    	13.649 10.114
12  th0        ethane    2 2 90 90 300 300 13 20 5 5 0.1 0.1 8 6 1 35 Aluminium Aluminium Lead 774.143 1466.64 5179.45 2422.01 828.856 3362.02 1699.84 2768.62 0.518513 1.69195 1.4545 1.59645 240.377 161.207 1044.06 722.944 0.870471    	13.205 8.92
13  th0        ethane    2 2 90 90 300 300 13 20 5 5 0.1 0.1 8 8 1 35 Aluminium Aluminium Lead 724.356 1379.61 4856.71 2304.09 800.4 3314.26 1633.21 2746.04 0.519406 1.66582 1.39389 1.56568 184.905 116.514 1039.35 724.287 0.861235     	12.884 8.44
14  th0        ethane    2 2 90 90 300 300 13 20 5 5 0.1 0.1 8 10 1 35 Aluminium Aluminium Lead 688.732 1302.26 4614.2 2206.71 771.838 3264.69 1563.22 2712.11 0.508208 1.6345 1.33985 1.54173 208.415 126.161 1036.1 718.55 0.857126      	13.006 8.024
15  th1        ethane    2 2 90 90 300 300 13 20 5 5 0.1 0.1 8 8 0.1 35 Aluminium Aluminium Lead 755.243 1398.1 4948.98 2393.43 816.261 3323.24 1628.75 2746.94 0.525799 1.67172 1.40324 1.57572 200.143 133.968 1040.9 721.969 0.858666   	13.163 8.404
16  th1        ethane    2 2 90 90 300 300 13 20 5 5 0.1 0.1 8 8 0.5 35 Aluminium Aluminium Lead 739.634 1380.02 4905.44 2360.07 807.613 3328.15 1632.23 2741 0.523361 1.6726 1.39998 1.57823 215.492 128.349 1030.77 716.446 0.853699     	13.119 8.354
17  th1        ethane    2 2 90 90 300 300 13 20 5 5 0.1 0.1 8 8 1 35 Aluminium Aluminium Lead 724.356 1379.61 4856.71 2304.09 800.4 3314.26 1633.21 2746.04 0.519406 1.66582 1.39389 1.56568 184.905 116.514 1039.35 724.287 0.861235     	12.884 8.44
18  th1        ethane    2 2 90 90 300 300 13 20 5 5 0.1 0.1 8 8 2 35 Aluminium Aluminium Lead 692.524 1337.87 4665.4 2201.89 784.9 3301.28 1632.83 2739.35 0.501211 1.6556 1.39798 1.57467 219.895 142.615 1038 720.534 0.871866          	13.097 8.488
19  material   ethane    2 2 90 90 300 300 13 20 5 5 0.1 0.1 8 8 1 35 Aluminium Aluminium Lead 724.356 1379.61 4856.71 2304.09 800.4 3314.26 1633.21 2746.04 0.519406 1.66582 1.39389 1.56568 184.905 116.514 1039.35 724.287 0.861235     	12.884 8.44
20  material   ethane    2 2 90 90 300 300 13 20 5 10 0.1 0.1 8 5 1 35 Aluminium Aluminium Tungsten 805.612 1757.19 4879.06 2594.13 828.881 3439.54 1680.09 2839.53 0.533545 1.74141 1.40989 1.61037 228.223 157.346 1025.92 714.443 0.874095	13.011 8.567
21  material   ethane    2 2 90 90 300 300 13 20 5 8 0.1 0.1 8 5 1 35 Aluminium Aluminium Tungsten 804.626 1784.4 4880.77 2587.58 846.73 3437.46 1686.46 2835.48 0.5352 1.72743 1.39532 1.61497 186.905 113.514 1030.45 717.614 0.852646	12.991 8.493
22  material   ethane    2 2 90 90 300 300 13 20 5 7 0.1 0.1 8 6 1 35 Aluminium Aluminium Tungsten 766.885 1728.37 4679.5 2500.89 802.137 3402.3 1620.03 2813.88 0.516439 1.7013 1.3595 1.59106 206.741 124.946 1026.66 713.984 0.862367	13.024 8.133
23  material   ethane    2 2 90 90 300 300 13 20 5 5 0.1 0.1 8 8 1 35 Steel Steel Lead 687.82 1452.9 4286.58 2189.35 770.912 3350.1 1529.2 2732.59 0.489997 1.69286 1.32137 1.54965 196.476 122.814 1042.97 725.792 0.860858               	12.915 7.513
24  material   ethane    2 2 90 90 300 300 13 20 5 7 0.1 0.1 8 6 1 35 Steel Steel Tungsten 694.524 1623.01 4054.23 2265.5 755.842 3371.03 1508.27 2724.87 0.468287 1.67117 1.30053 1.5195 171.91 101.033 1022.77 713.66 0.859676			12.657 7.478
25  material   ethane    2 2 90 90 300 300 13 20 5 5 0.1 0.1 8 8 1 35 Steel Steel Tungsten 647.984 1523.57 3803.44 2132.25 731.99 3323.55 1413.9 2674.41 0.442603 1.64035 1.23219 1.49132 139.781 95.3313 1019.57 711.395 0.849514            12.657 7.374
26  material   ethane    2 2 90 90 300 300 13 20 5 6 0.1 0.1 8 7 1 35 Steel Steel Tungsten 666.627 1567.56 3938.35 2188.5 751.007 3335.48 1450.85 2715.29 0.453553 1.64293 1.25502 1.50506 122.029 75.3358 1027.39 716.878 0.864257			12.663 7.379
27  other      ethane    0 0 90 90 300 300 10 16.5 5 5 0.1 0.1 8 8 1 35 Aluminium Aluminium Lead 717.475 1386.05 4870.61 2276.27 787.943 3304.3 1573.91 2720.43 0.508801 1.63808 1.30868 1.54046 164.937 107.708 1036.04 719.196 0.875661  	13.142 8.538
28  other      ethane    0 0 90 90 300 300 10 16.5 5 5 5 1 4 8 1 35 Aluminium Aluminium Lead 731.519 1407.86 5008.14 2309.37 797.467 3319.87 1658.12 2761.87 0.520959 1.6537 1.38144 1.5619 204.657 133.079 1042.57 724.898 0.85736           13.218 8.61
29  other      ethane    0 0 90 90 300 300 10 16.5 4 4 5 1 4 8 2 35 Aluminium Aluminium Lead 699.771 1374.26 4886.71 2222.22 792.963 3296.95 1666.72 2761.26 0.524534 1.64509 1.37998 1.56543 226.709 164.319 1036.41 721.353 0.871025        13.091 8.667
30  other      ethane    0 0 90 90 300 300 10 16.5 4 4 5 1 6 8 1 35 Aluminium Aluminium Lead 737.102 1409.59 5111.47 2354.38 794.136 3318.58 1645.02 2755.17 0.532417 1.66131 1.37482 1.55953 225.924 131.051 1040.71 721.874 0.864523        13.151 8.508
31  other      ethane    0 0 90 90 300 300 10 16.5 4 4 5 1 4 11 1 35 Aluminium Aluminium Lead 684.007 1291.29 4719.79 2190.83 769.671 3239.44 1568.72 2710.08 0.508085 1.60624 1.29989 1.53311 187.447 139.08 1036.68 719.697 0.838625        12.995 8.364
32  other      ethane    0 0 90 90 300 300 10 16.5 3 3 5 3 3 8 1 35 Aluminium Aluminium Lead 743.506 1418.94 5196.92 2375.65 803.319 3277.58 1674.48 2760.99 0.528817 1.63881 1.3794 1.55564 204.143 131.808 1043.54 724.241 0.861994         13.201 8.668
33  other      ethane    0 0 90 90 300 300 10 16.5 2 2 5 2 2 8 1 35 Steel Steel Lead 750.431 1535.46 5121.68 2405.38 801.29 3384.85 1711.11 2817.37 0.527179 1.70866 1.40121 1.60983 179.043 109.896 1046.78 723.738 0.875641                 12.799 7.878
