# mat: Lead: 1; Titanium: 2; Aluminium: 3;
# index: 0: Before bending (0 degree); 1: Middle of Bending (45 degree);
# mu: number of muon per initial proton
mat0   th0   mt0        mat1  th1 mt1         
3      200   0.0147768  0     0   0
3      500   0.0146596  0     0   0
3      1000  0.0144715  0     0   0
3      2000  0.0140371  0     0   0
2      100   0.0147982  0     0   0
2      200   0.0147322  0     0   0
2      500   0.0145515  0     0   0
2      1000  0.0141831  0     0   0
2      1000  0.0141831  1     0   0.008074
2      1000  0.0141831  1     50  0.007995
2      1000  0.0141831  1     100 0.007949
2      1000  0.0141831  1     250 0.007659
2      1000  0.0141831  1     500 0.007352
