PrTgtLen PrTgtRadi DiFd		CoRadi	minY	nDisks	StTgtRadi TriLen	nProton		mum_all		mum_o75		mum_stop	pim_all	pim_stop Ageo	hitRate	bkg
40		 10		   003		200		75		17		10		  20		20000000	13681		586			6611		25.8	4.9		 -1		-1		-1
40		 10		   003		200		75		39		10		  25		20000000	13706		582			9448		25.6	6.7		 -1		-1		-1
40		 10		   003		200		100		17		10		  20		20000000	19946		1305		8245		63.2	11.7	 -1		-1		-1
40		 10		   003		200		100		39		10		  25		20000000	19939		1306		12499		56.7	19.0	 -1		-1		-1
40		 10		   003		200		125		17		10		  20		20000000	27789		2691		9435		142.6	15.3	 -1		-1		-1
40		 10		   003		200		125		39		10		  25		20000000	27767		2700		15076		145.8	39.5	 -1		-1		-1
40		 10		   003		200		150		17		10		  20		20000000	37065		4896		9975		294.8	15.3	 -1		-1		-1
40		 10		   003		200		150		39		10		  25		20000000	37095		4923		16822		302.7	47.5	 -1		-1		-1
40		 10		   003		200		175		17		10		  20		20000000	47118		8133		10110		632.4	15.3	 -1		-1		-1
40		 10		   003		200		175		39		10		  25		20000000	47031		8164		17663		636.7	52.6	 -1		-1		-1
40		 10		   003		200		200		17		10		  20		20000000	54637		11157		10124		982.6	14.1	 -1		-1		-1
40		 10		   003		200		200		39		10		  25		20000000	54643		11188		18015		1004.7	48.5	 -1		-1		-1
40		 10		   003		250		75		39		10		  25		20000000	14119		615			9491		33.3	7.6		 -1		-1		-1
40		 10		   003		250		75		17		10		  20		20000000	14092		622			6620		32.3	4.9		 -1		-1		-1
40		 10		   003		250		125		17		10		  20		20000000	28693		2911		9351		150.1	14.3	 -1		-1		-1
40		 10		   003		250		125		39		10		  25		20000000	28667		2897		15059		152.1	38.2	 -1		-1		-1
40		 10		   003		250		175		17		10		  20		20000000	49998		9156		10103		674.0	17.7	 -1		-1		-1
40		 10		   003		250		175		39		10		  25		20000000	50004		9165		17654		674.4	47.3	 -1		-1		-1
40		 10		   003		250		250		39		10		  25		20000000	81558		23711		17921		2130.8	48.4	 -1		-1		-1
40		 10		   003		300		75		39		10		  25		20000000	14163		619			9432		-1		-1		 -1		-1		-1
40		 10		   003		300		75		17		10		  20		20000000	14164		615			6595		-1		-1		 -1		-1		-1
40		 10		   003		300		125		17		10		  20		20000000	28867		2944		9362		-1		-1		 -1		-1		-1
40		 10		   003		300		125		39		10		  25		20000000	28851		2931		15026		-1		-1		 -1		-1		-1
40		 10		   003		300		175		17		10		  20		20000000	50536		9384		10102		-1		-1		 -1		-1		-1
40		 10		   003		300		175		39		10		  25		20000000	50569		9416		17700		-1		-1		 -1		-1		-1
40		 10		   003		300		250		39		10		  25		20000000	86833		26479		17989		2305.3	47.4	 -1		-1		-1
40		 10		   003		300		300		39		10		  25		20000000	99698		34142		17938		3145.6	48.7	 -1		-1		-1
40		 10		   004		200		75		39		10		  25		100000000	98066		6256		60599		-1		-1		 -1		-1		-1
40		 10		   004		200		100		39		10		  25		100000000	137142		13138		76020		-1		-1		 -1		-1		-1
40		 10		   004		200		125		39		10		  25		100000000	183779		24311		88105		1396	291		 -1		-1		-1
40		 10		   004		200		150		39		10		  25		100000000	237934		42251		95653		-1		-1		 -1		-1		-1
40		 10		   004		200		175		39		10		  25		100000000	294333		65946		99652		5594	352		 -1		-1		-1
40		 10		   004		200		200		39		10		  25		100000000	335050		85667		101121		8180	365		 -1		-1		-1
40		 10		   004		250		200		39		10		  25		100000000	383398		109164		100769		-1		-1		 -1		-1		-1
40		 10		   004		250		250		39		10		  25		100000000	477829		162855		100703		-1		-1		 -1		-1		-1
40		 10		   004		300		200		39		10		  25		100000000	388947		112293		100719		-1		-1		 -1		-1		-1
40		 10		   004		300		250		39		10		  25		100000000	506720		180095		100662		-1		-1		 -1		-1		-1
40		 10		   004		300		300		39		10		  25		100000000	568796		222033		100477		-1		-1		 -1		-1		-1
40		 10		   005		200		75		39		10		  25		100000000	134966		12786		72436		705.837	312.256	 -1		-1		-1
40		 10		   005		200		100		39		10		  25		100000000	182817		24697		87324		-1		-1		 -1		-1		-1
40		 10		   005		200		125		39		10		  25		100000000	238889		43129		97953		3240.78	537.732	 -1		-1		-1
40		 10		   005		200		150		39		10		  25		100000000	300095		69801		104260		-1		-1		 -1		-1		-1
40		 10		   005		200		175		39		10		  25		100000000	360835		100551		107859		9615.68	571.047	 -1		-1		-1
40		 10		   005		200		200		39		10		  25		100000000	402508.8	124621.1	108896.2	12920.7	573.432	 -1		-1		-1
40		 10		   005		250		200		39		10		  25		100000000	458659		153430		108837		14943.8	562.937	 -1		-1		-1
40		 10		   005		250		250		39		10		  25		100000000	553459		213012		108713		22220.1	560.294	 -1		-1		-1
40		 10		   005		300		200		39		10		  25		100000000	466221		157977		108789		15236.3	562.827	 -1		-1		-1
40		 10		   005		300		250		39		10		  25		100000000	468674		187131		86836		23754.3	558.589	 -1		-1		-1
40		 10		   005		300		300		39		10		  25		100000000	644597		276132		108625		29854.1	557.139	 -1		-1		-1
40		 10		   006		200		75		39		10		  25		100000000	176689		23120		79310		1474	491		 -1		-1		-1
40		 10		   006		200		125		39		10		  25		100000000	297621		70226		101815		6051	678		 -1		-1		-1
40		 10		   006		200		175		39		10		  25		100000000	-1			-1			-1			14884	718		 -1		-1		-1
40		 10		   006		200		200		39		10		  25		100000000	468103		168157		111575		18597	722		 -1		-1		-1
40		 10		   006		250		250		39		10		  25		100000000	626654		266072		111127		-1		-1		 -1		-1		-1
40		 10		   006		300		300		39		10		  25		100000000	717869		333941		111100		-1		-1		 -1		-1		-1
40		 10		   007		200		75		39		10		  25		100000000	193095		25254		86787		2993	723		 -1		-1		-1
40		 10		   007		200		125		39		10		  25		100000000	325511		76726		111444		9915	862		 -1		-1		-1
40		 10		   007		200		175		39		10		  25		100000000	-1			-1			-1			21239	856		 -1		-1		-1
40		 10		   007		200		200		39		10		  25		100000000	512121		184130		121915		25634	845		 -1		-1		-1
40		 10		   007		250		250		39		10		  25		100000000	685805		291146		121692		-1		-1		 -1		-1		-1
40		 10		   007		300		300		39		10		  25		100000000	785234		365305		121572		-1		-1		 -1		-1		-1
60		 10		   005		130		130		39		10		  25		1000000000	2.58117e+06	523592		1.12711e+06	14097.0	4076.5	 -1		-1		-1
